2.753
2.707
2.334
2.332
1.972
1.972
1.84
1.837
1.768
0.995
0.943
0.9
0.869
0.866
0.832
0.822
0.753
0.702
0.702
0.689
0.68
0.663
0.651
0.637
0.632
0.629
0.627
0.6
0.594
0.522
0.515
0.51
0.498
0.497
0.49
0.485
0.44
0.414
0.406
0.402
0.344
0.339
0.262
0.25
0.238
0.217
0.211
0.208
0.206
0.203
0.202
0.198
0.186
0.176
0.108
0.108
0.108
0.098
0.046
0.031
2.785
2.464
2.203
1.931
1.774
0.995
0.88
0.842
0.777
0.702
0.689
0.651
0.634
0.628
0.6
0.519
0.499
0.496
0.457
0.409
0.348
0.266
0.24
0.212
0.207
0.203
0.189
0.118
0.108
0.058
0.028




