0
0
0
0
0
0.217
0.186
0.031
0.046
0.108
0.68
0.108
1.84
2.753
0.594
0.777
0.25
0.406
0.628
0.629
0.515
0.866
0.519
0.869
0.627
0.499
1.931
0
0
0
0.496
0.266
0.344
0.238
0
0.24
0.211
0.028
0.058
1.768
2.707
0.414
0.339
0.202
0.203
0.832
0.634
0.498
0.637
0.822
0.44
0.9
1.774
2.785
0
0
0.6
0.203
0.189
0
0.206
0.208
0
0.118
0
0.212
2.203
0.497
0.485
0.663
0.842
0.995
0.702
0.689
0.702
0.702
0.651
0.6
0.65
1.837
2.334
0
0.108
0
0.108
0.402
0.098
0.49
0.522
2.332
0
0.176
0.348
0.198
0.262
0.632
0.943
0.457
0
0
0.207
0.409
2.464
0.689
0.753
0.995
0.51
