3.918
3.593
6.136
3.628
6.697
4.836
6.531
4.225
5.92
4.504
5.148
4.136
5.184
4.293
5.584
3.481
6.791
4.203
1.192
1.717
1.717
1.414
1.313
3.212
1.111
1.899
0.606
1.394
1.313
2.505
2.909
2.02
2.02
1.616
3.515
2.222
5.793
4.622
6.152
3.916
5.197
6.051
4.916
3.426
5.311
3.714
6.061
3.718
4.751
4.042
6.247
3.335
6.535
4.227
1.396
1.096
1.096
0.9192
2.687
1.184
1.396
0.4066
1.096
0.7955
2.104
1.202
2.705
1.096
2.598
1.008
2.899
1.114
5.205
3.304
5.096
3.3
5.725
3.296
4.806
2.694
3.501
3.218
5.713
3.108
4.302
3.386
5.987
3.206
5.878
3.378
1.212
0.9091
1.091
0.9091
1.717
1.091
1.232
0.6061
3.212
0.7273
2.404
0.6061
2.384
0.8081
3.818
0.6061
2.707
0.8081
0.9045
0.9045
0
0
2.02
2.02
1.803
1.803
1.803
1.089
1.089
1.089
2.015
1.32
1.32
0.9369
1.477
1.477
0.0441
0.0441
0.0441
0.9518
0.9518
0.9518
2.026
2.026
0.8318
0.8318
0.8318
0.8734
0.7304
0.7304
0.9747
0.1877
0.1877
0.0635
0.0635
0.0635
0.068
0.068
0.068
3.612
3.612
0.317
0.317
0.317
0.0817
0.0862
0.0862
0.1277
3.417
3.417
2.257
2.257
2.257
3.071
3.071
3.071
1.911
1.911
1.911
5.071
5.071
5.071
1.991
3.07
3.07
0.4699
3.047
3.047
3.607
3.607
3.607
2.233
2.233
2.233
3.366
3.366
3.366
1.78
3.447
3.447
3.087
4.116
4.116
5.303
5.303
5.303
3.344
3.344
3.344
4.05
4.05
4.05
2.996
2.996
2.996
2.103
3.983
3.983
0.6369
